0.00679607 0.440801 0.552403 
0.0199916 0.858621 0.121388 
0.515107 0.451588 0.0333051 
0.240724 0.0663071 0.692969 
0.104875 0.344779 0.550346 
0.0109219 0.0628994 0.926179 
0.347374 0.419157 0.233469 
0.0413886 0.015619 0.942992 
0.551453 0.129388 0.319159 
0.0862157 0.121931 0.791853 
0.165819 0.141813 0.692369 
0.11382 0.282093 0.604086 
0.00611082 0.782933 0.210956 
0.194565 0.373679 0.431756 
0.221545 0.468607 0.309849 
0.675558 0.159664 0.164777 
0.139481 0.814252 0.0462672 
0.133605 0.0894548 0.77694 
0.205716 0.179519 0.614765 
0.145778 0.782585 0.0716374 
0.0167809 0.0942647 0.888954 
0.786218 0.0277483 0.186034 
0.0138593 0.550107 0.436033 
0.0621876 0.854862 0.0829504 
0.303868 0.437409 0.258722 
0.0462143 0.2524 0.701386 
0.116364 0.660113 0.223523 
0.668661 0.0153244 0.316015 
0.136258 0.213358 0.650384 
0.100135 0.235937 0.663928 
0.420393 0.175206 0.404401 
0.290018 0.683946 0.0260364 
0.00148222 0.54602 0.452498 
0.0728765 0.0136638 0.91346 
0.0868882 0.188664 0.724447 
0.0190885 0.0100071 0.970904 
0.0295374 0.0460898 0.924373 
0.349165 0.623503 0.0273318 
0.113675 0.424581 0.461744 
0.0166614 0.191761 0.791577 
0.282757 0.227868 0.489375 
0.657501 0.12354 0.218959 
0.0183874 0.944703 0.0369093 
0.0660375 0.464024 0.469939 
0.344619 0.333234 0.322147 
0.387386 0.0435251 0.569089 
0.120295 0.0504854 0.82922 
0.474169 0.397845 0.127986 
0.164482 0.0487271 0.786791 
0.142771 0.832283 0.0249464 
0.000680257 0.0470817 0.952238 
0.176106 0.285595 0.538299 
0.557409 0.420661 0.0219295 
0.344529 0.210581 0.44489 
0.196834 0.0442071 0.758959 
0.263897 0.0114371 0.724666 
0.284154 0.57604 0.139806 
0.071409 0.129937 0.798654 
0.7091 0.0353342 0.255566 
0.787979 0.172025 0.0399969 
0.257879 0.453453 0.288668 
0.795308 0.00169906 0.202993 
0.0418786 0.0652303 0.892891 
0.0284121 0.0464545 0.925133 
0.00370841 0.00772368 0.988568 
0.205337 0.305996 0.488666 
0.338526 0.276409 0.385065 
0.546867 0.319465 0.133668 
0.148232 0.294668 0.5571 
0.317819 0.174722 0.507458 
0.155207 0.738234 0.106559 
0.141386 0.195927 0.662687 
0.306427 0.253044 0.44053 
0.0372413 0.19541 0.767349 
0.259722 0.426621 0.313656 
0.221656 0.111507 0.666837 
0.662503 0.154337 0.183161 
0.109081 0.148243 0.742675 
0.469109 0.177178 0.353712 
0.035693 0.867342 0.0969655 
0.138571 0.122521 0.738908 
0.379306 0.0936247 0.527069 
0.553145 0.428843 0.0180121 
0.758705 0.049339 0.191956 
0.134199 0.488752 0.377049 
0.141858 0.571838 0.286304 
0.0222788 0.102351 0.87537 
0.0127466 0.0641326 0.923121 
0.275499 0.105719 0.618783 
0.0891014 0.0262056 0.884693 
0.519184 0.3616 0.119216 
0.00291512 0.193066 0.804019 
0.457692 0.0991276 0.44318 
0.783802 0.185831 0.0303668 
0.13949 0.00237286 0.858137 
0.512582 0.0310811 0.456337 
0.186628 0.0148794 0.798493 
0.0191117 0.132007 0.848881 
0.14265 0.430868 0.426482 
0.238804 0.555482 0.205714 
0.3028 0.00458138 0.692619 
0.109356 0.130977 0.759667 
0.317495 0.342323 0.340182 
0.333751 0.319189 0.347059 
0.361609 0.0357478 0.602643 
0.220708 0.0253652 0.753927 
0.113181 0.56929 0.317529 
0.0195458 0.254867 0.725587 
0.00315639 0.0929183 0.903925 
0.0514143 0.0531852 0.895401 
0.353033 0.281261 0.365705 
0.0426592 0.0392725 0.918068 
0.0885412 0.241706 0.669753 
0.00389204 0.014653 0.981455 
0.337545 0.537068 0.125386 
0.231254 0.763882 0.00486345 
0.748426 0.175883 0.075691 
0.264306 0.336712 0.398982 
0.479008 0.472282 0.0487094 
0.385934 0.534571 0.0794945 
0.524589 0.382507 0.0929047 
0.696852 0.0066709 0.296478 
0.424085 0.267047 0.308868 
0.332059 0.0354962 0.632445 
0.0304569 0.044314 0.925229 
0.652475 0.178202 0.169323 
0.151578 0.0479988 0.800423 
0.59819 0.140713 0.261097 
0.81175 0.178308 0.00994155 
0.0195494 0.0198221 0.960628 
0.0450968 0.140159 0.814745 
0.469032 0.281605 0.249364 
0.22359 0.180993 0.595417 
0.0237899 0.100164 0.876046 
0.178016 0.177031 0.644954 
0.00807282 0.583026 0.408901 
0.204701 0.136297 0.659002 
0.257789 0.0635223 0.678689 
0.00879703 0.0453999 0.945803 
0.00438475 0.465996 0.529619 
0.0431631 0.444572 0.512265 
0.0545761 0.0937734 0.851651 
0.194024 0.291157 0.514819 
0.544331 0.176734 0.278935 
0.0703637 0.0139452 0.915691 
0.730618 0.0632512 0.206131 
0.283099 0.397259 0.319642 
0.666622 0.0503697 0.283008 
0.110945 0.0855319 0.803524 
0.0554839 0.0127641 0.931752 
0.0523723 0.292253 0.655375 
0.131067 0.78518 0.0837533 
0.166613 0.0995636 0.733823 
0.144316 0.0476134 0.808071 
0.601872 0.320005 0.0781231 
0.171509 0.0544873 0.774004 
0.0591277 0.195948 0.744924 
0.0102606 0.000948248 0.988791 
0.320525 0.24717 0.432305 
0.687126 0.266687 0.0461872 
0.371324 0.146258 0.482418 
0.433301 0.33714 0.229559 
0.179802 0.544729 0.27547 
0.212522 0.317675 0.469804 
0.38639 0.0496519 0.563958 
0.847345 0.0265242 0.126131 
0.123884 0.505103 0.371013 
0.231333 0.215343 0.553324 
0.0227032 0.0551484 0.922148 
0.910571 0.0338563 0.055573 
0.783889 0.183923 0.0321881 
0.0776228 0.720387 0.20199 
0.000280111 0.0739435 0.925776 
0.0546849 0.346708 0.598607 
0.104626 0.602967 0.292406 
0.542825 0.0636161 0.393559 
0.107291 0.0437314 0.848977 
0.276779 0.154885 0.568336 
0.687722 0.132837 0.179441 
0.248355 0.479221 0.272424 
0.718599 0.0824182 0.198983 
0.511068 0.306359 0.182572 
0.665733 0.104007 0.230261 
0.313929 0.0900898 0.595981 
0.540373 0.302722 0.156905 
0.590119 0.114074 0.295807 
0.245099 0.0580293 0.696872 
0.315444 0.273432 0.411123 
0.0441087 0.133901 0.82199 
0.0135731 0.0285351 0.957892 
0.23524 0.165537 0.599224 
0.499712 0.3978 0.102489 
0.00458172 0.0220598 0.973358 
0.0901345 0.200928 0.708938 
0.603666 0.326147 0.0701868 
0.126502 0.376672 0.496826 
0.341307 0.0514583 0.607235 
0.509811 0.0718021 0.418387 
0.751686 0.234563 0.0137514 
0.321778 0.152227 0.525995 
0.219399 0.570225 0.210375 
0.475597 0.340868 0.183535 
0.240276 0.418289 0.341436 
0.721191 0.135043 0.143766 
0.0546379 0.480913 0.464449 
0.655766 0.213097 0.131137 
0.0346949 0.0116091 0.953696 
0.190625 0.0370253 0.77235 
0.159243 0.0580797 0.782678 
0.0573357 0.012376 0.930288 
0.0927715 0.349572 0.557656 
0.366983 0.021262 0.611755 
0.524556 0.366796 0.108647 
0.0869164 0.290597 0.622486 
0.223164 0.139234 0.637602 
0.474483 0.0748906 0.450626 
0.336673 0.0507298 0.612597 
0.00394726 0.390797 0.605256 
0.0551564 0.354075 0.590768 
0.422323 0.104009 0.473668 
0.0900834 0.116705 0.793212 
0.230314 0.108641 0.661045 
0.1461 0.31085 0.54305 
0.139066 0.432928 0.428006 
0.167218 0.466705 0.366078 
0.0291608 0.106796 0.864043 
0.0399959 0.39897 0.561034 
0.43157 0.0533563 0.515074 
0.157631 0.771215 0.0711539 
0.0368026 0.40793 0.555267 
0.210233 0.0809582 0.708809 
0.337031 0.303494 0.359476 
0.20914 0.512168 0.278692 
0.143743 0.0409426 0.815315 
0.000120516 0.000940995 0.998938 
0.35256 0.053 0.59444 
0.225937 0.0845039 0.689559 
0.496427 0.482171 0.0214018 
0.096169 0.130651 0.77318 
0.225713 0.58528 0.189007 
0.236726 0.455837 0.307437 
0.361116 0.0760697 0.562814 
0.559004 0.350624 0.0903716 
0.110416 0.0472808 0.842303 
0.438426 0.197755 0.363819 
0.517961 0.0572869 0.424752 
0.150733 0.0961441 0.753123 
0.328315 0.0758338 0.595851 
0.27952 0.473546 0.246934 
0.0306388 0.873074 0.0962869 
0.384391 0.493221 0.122388 
0.0619999 0.693833 0.244167 
0.000952193 0.227517 0.771531 
0.0709747 0.0122083 0.916817 
0.0554817 0.44523 0.499288 
0.358694 0.0409964 0.60031 
0.577927 0.204951 0.217121 
0.466432 0.0946279 0.43894 
0.0670387 0.0205033 0.912458 
0.0322779 0.11601 0.851712 
0.0173546 0.0775079 0.905137 
0.421573 0.528951 0.0494756 
0.663095 0.159415 0.17749 
0.0678737 0.0417404 0.890386 
0.112715 0.0283531 0.858932 
0.518855 0.188892 0.292252 
0.239126 0.436824 0.32405 
0.0363089 0.31253 0.651161 
0.123988 0.522782 0.35323 
0.0342766 0.758507 0.207216 
0.00885426 0.296362 0.694783 
0.407188 0.00343142 0.58938 
0.361036 0.503316 0.135649 
0.0210094 0.00111463 0.977876 
0.304578 0.346584 0.348839 
0.642319 0.301474 0.0562078 
0.102087 0.481297 0.416617 
0.227126 0.71371 0.0591646 
0.234044 0.470793 0.295163 
0.190126 0.579314 0.230561 
0.136529 0.39222 0.471251 
0.300849 0.292357 0.406794 
0.00994635 0.979994 0.0100598 
0.307201 0.475086 0.217712 
0.152033 0.249365 0.598602 
0.181835 0.126802 0.691363 
0.013196 0.0449784 0.941826 
0.181749 0.250759 0.567492 
0.111358 0.0166222 0.87202 
0.0716127 0.0640658 0.864322 
0.21019 0.136079 0.653731 
0.022632 0.642056 0.335312 
0.42692 0.0938494 0.479231 
0.223212 0.164497 0.612292 
0.474701 0.244997 0.280302 
0.0135242 0.186991 0.799484 
0.440035 0.551096 0.00886899 
0.49491 0.27301 0.23208 
0.0447799 0.243679 0.711541 
0.466095 0.049236 0.484669 
0.0380753 0.0480452 0.913879 
0.150039 0.00389541 0.846066 
0.159161 0.152644 0.688196 
0.475314 0.325855 0.198831 
0.263837 0.288078 0.448086 
0.0179286 0.0636401 0.918431 
0.147046 0.367113 0.485841 
0.115676 0.0726946 0.811629 
0.109891 0.0638579 0.826252 
0.119014 0.751551 0.129435 
0.0196024 0.655939 0.324459 
0.351947 0.224388 0.423664 
0.411387 0.258143 0.330469 
0.363106 0.566652 0.0702419 
0.852274 0.141258 0.00646805 
0.184978 0.0728524 0.74217 
0.510551 0.0737913 0.415658 
0.119484 0.146576 0.73394 
0.123663 0.627276 0.249061 
0.299946 0.502421 0.197633 
0.234509 0.163901 0.60159 
0.0894118 0.322871 0.587717 
0.401504 0.46044 0.138056 
0.22827 0.30331 0.46842 
0.158788 0.763339 0.0778737 
0.0945151 0.716515 0.18897 
0.297062 0.294608 0.40833 
0.000895197 0.197717 0.801388 
0.378553 0.185536 0.435912 
0.498776 0.138737 0.362487 
0.261667 0.688317 0.0500161 
0.1181 0.0107315 0.871169 
0.889466 0.0412243 0.0693093 
0.15677 0.206981 0.636249 
0.0176492 0.0716486 0.910702 
0.0577559 0.082025 0.860219 
0.0244308 0.0960157 0.879553 
0.0761195 0.0304366 0.893444 
0.87523 0.039874 0.0848962 
0.178732 0.757025 0.0642427 
0.123074 0.636011 0.240915 
0.0891461 0.0809284 0.829925 
0.0693214 0.798321 0.132357 
0.408171 0.337071 0.254758 
0.0094942 0.111935 0.878571 
0.670022 0.00479749 0.325181 
0.422996 0.120013 0.456991 
0.0806568 0.283883 0.63546 
0.427135 0.0106457 0.562219 
0.0131305 0.336559 0.65031 
0.380068 0.234582 0.385351 
0.50742 0.226862 0.265718 
0.0955375 0.396136 0.508327 
0.0687712 0.288759 0.64247 
0.0277196 0.0113812 0.960899 
0.0796983 0.367601 0.5527 
0.61043 0.303696 0.0858739 
0.896112 0.0163239 0.0875642 
0.208033 0.0242361 0.767731 
0.166867 0.146191 0.686941 
0.0511223 0.0200144 0.928863 
0.276256 0.212356 0.511389 
0.273931 0.586862 0.139208 
0.339924 0.235996 0.42408 
0.42011 0.194282 0.385608 
0.557328 0.212154 0.230518 
0.28811 0.403393 0.308498 
0.513903 0.239262 0.246836 
0.00419155 0.0298598 0.965949 
0.195597 0.258563 0.54584 
0.572324 0.0234985 0.404177 
0.0298222 0.0379894 0.932188 
0.489741 0.12669 0.383569 
0.286597 0.125717 0.587686 
0.137101 0.218534 0.644365 
0.478899 0.19925 0.321851 
0.108636 0.0471464 0.844218 
0.178709 0.00574267 0.815549 
0.00499734 0.0122414 0.982761 
0.00581084 0.485566 0.508623 
0.0384679 0.110675 0.850857 
0.475041 0.0273041 0.497655 
0.147703 0.520147 0.33215 
0.261985 0.28505 0.452966 
0.657947 0.16617 0.175883 
0.174266 0.0274308 0.798303 
0.46222 0.312124 0.225655 
0.541246 0.0740146 0.38474 
0.081053 0.0414752 0.877472 
0.117084 0.0303781 0.852538 
0.39052 0.0399169 0.569563 
0.262602 0.561986 0.175412 
0.0308058 0.06775 0.901444 
0.204607 0.254051 0.541342 
0.100075 0.081467 0.818458 
0.0264247 0.55738 0.416195 
0.133054 0.457678 0.409267 
0.0519507 0.878447 0.069602 
0.0288677 0.271897 0.699235 
0.0493152 0.583525 0.36716 
0.415171 0.046343 0.538486 
0.166501 0.77941 0.054089 
0.207272 0.359267 0.433462 
0.124066 0.858271 0.0176637 
0.26785 0.368259 0.36389 
0.363077 0.24153 0.395394 
0.633516 0.183421 0.183063 
0.241647 0.297405 0.460949 
0.00517625 0.210009 0.784815 
0.391266 0.418341 0.190393 
0.0657109 0.038558 0.895731 
0.117624 0.259 0.623376 
0.0999685 0.11517 0.784862 
0.612295 0.151993 0.235712 
0.0204505 0.185973 0.793576 
0.0328903 0.0384063 0.928703 
0.410995 0.1181 0.470905 
0.0339515 0.109411 0.856637 
0.0501291 0.0509413 0.89893 
0.0252137 0.550492 0.424295 
0.199287 0.604016 0.196697 
0.470137 0.010925 0.518938 
0.0435561 0.335606 0.620838 
0.041983 0.247187 0.71083 
0.120243 0.0751704 0.804586 
0.694862 0.158206 0.146932 
0.0248021 0.211253 0.763945 
0.172834 0.28463 0.542536 
0.0843971 0.308694 0.606909 
0.467 0.432738 0.100262 
0.0152655 0.0126592 0.972075 
0.0184775 0.108887 0.872635 
0.394391 0.0288784 0.576731 
0.536648 0.166171 0.297181 
0.223505 0.0892589 0.687236 
0.00923956 0.785906 0.204854 
0.0150007 0.0736577 0.911342 
0.721669 0.145056 0.133276 
0.306451 0.316293 0.377256 
0.156871 0.281299 0.56183 
0.174053 0.0654621 0.760485 
0.0259439 0.801176 0.172881 
0.558931 0.0244699 0.416599 
0.219759 0.670253 0.109988 
0.0507279 0.496623 0.452649 
0.0181537 0.301611 0.680235 
0.14616 0.632085 0.221756 
0.0587001 0.750935 0.190365 
0.797102 0.040735 0.162163 
0.200864 0.106942 0.692194 
0.0478939 0.373537 0.578569 
0.0826598 0.496152 0.421188 
0.151268 0.629501 0.219231 
0.447556 0.0734784 0.478966 
0.0197555 0.0329931 0.947251 
0.344924 0.133545 0.521531 
0.325946 0.542568 0.131486 
0.166794 0.829516 0.00368942 
0.21203 0.464869 0.3231 
0.388929 0.265342 0.345729 
0.0897441 0.0282481 0.882008 
0.054785 0.21996 0.725255 
0.464118 0.0251261 0.510756 
0.0956877 0.174709 0.729604 
0.0125526 0.0407875 0.94666 
0.253047 0.446772 0.300182 
0.790451 0.129011 0.0805383 
0.0722392 0.318874 0.608887 
0.0752635 0.156585 0.768152 
0.372416 0.417543 0.210041 
0.00439472 0.00904424 0.986561 
0.300989 0.131609 0.567402 
0.436882 0.226606 0.336512 
0.364642 0.109459 0.525899 
0.191996 0.142019 0.665985 
0.405165 0.060203 0.534632 
0.176261 0.370693 0.453046 
0.356523 0.00153868 0.641938 
0.140432 0.00323181 0.856336 
0.289947 0.1877 0.522353 
0.12225 0.148456 0.729294 
0.0201837 0.459615 0.520202 
0.0143972 0.797 0.188603 
0.419446 0.350323 0.230231 
0.827559 0.165628 0.00681319 
0.0242695 0.0217824 0.953948 
0.0527796 0.120309 0.826912 
0.148049 0.622075 0.229876 
0.00429265 0.603367 0.39234 
0.0121784 0.0133197 0.974502 
0.0500028 0.15254 0.797457 
0.0323767 0.00719498 0.960428 
0.211772 0.273564 0.514664 
0.425283 0.0182474 0.55647 
0.0590575 0.0259681 0.914974 
0.04153 0.654278 0.304192 
0.0685106 0.352974 0.578516 
0.03439 0.0476903 0.91792 
0.464569 0.0149064 0.520524 
0.234242 0.314221 0.451538 
0.0231645 0.0129395 0.963896 
0.00999086 0.605111 0.384898 
0.846806 0.0902472 0.0629468 
0.838397 0.116425 0.0451783 
0.601455 0.170035 0.22851 
0.172725 0.0645752 0.7627 
0.342216 0.327481 0.330303 
0.381493 0.249478 0.369029 
0.0714053 0.902533 0.0260613 
0.0645605 0.104292 0.831147 
0.175409 0.590048 0.234543 
0.507568 0.136394 0.356038 
0.688262 0.256028 0.0557098 
0.592388 0.254782 0.152829 
0.236981 0.180924 0.582095 
0.361811 0.371291 0.266897 
0.0909102 0.453858 0.455232 
0.423257 0.424199 0.152544 
0.447307 0.130648 0.422045 
0.0153075 0.246065 0.738627 
0.173607 0.46136 0.365032 
0.174945 0.748628 0.0764262 
0.469782 0.399097 0.131121 
0.293555 0.07078 0.635665 
0.0914026 0.185379 0.723219 
0.457247 0.123901 0.418853 
0.219614 0.0918733 0.688512 
0.452236 0.320317 0.227446 
0.0945392 0.124447 0.781014 
0.213198 0.353124 0.433678 
0.0130336 0.00980864 0.977158 
0.0720965 0.416721 0.511183 
0.436539 0.438132 0.125329 
0.15088 0.158373 0.690747 
0.0405788 0.186327 0.773094 
0.00895191 0.286673 0.704375 
0.541932 0.276699 0.181369 
0.00976026 0.00503264 0.985207 
0.393749 0.282782 0.32347 
0.219602 0.196472 0.583926 
0.0115983 0.0603634 0.928038 
0.0769614 0.516112 0.406927 
0.0158604 0.0759224 0.908217 
0.0487651 0.123625 0.82761 
0.259615 0.0751129 0.665273 
0.0897376 0.0768799 0.833382 
0.00818592 0.298962 0.692852 
0.298308 0.593777 0.107916 
0.366421 0.398635 0.234943 
0.382442 0.2134 0.404158 
0.0225624 0.00382156 0.973616 
0.402337 0.362966 0.234697 
0.351356 0.0192401 0.629404 
0.382773 0.296128 0.321099 
0.0147557 0.374628 0.610617 
0.581895 0.0774113 0.340693 
0.507421 0.393707 0.098872 
0.0158358 0.00477129 0.979393 
0.170156 0.297674 0.53217 
0.132799 0.111018 0.756183 
0.135592 0.315862 0.548546 
0.453189 0.0166501 0.530161 
0.257487 0.261609 0.480905 
0.0584679 0.020848 0.920684 
0.335811 0.275482 0.388707 
0.18466 0.469552 0.345788 
0.0243956 0.0355356 0.940069 
0.00883532 0.0105226 0.980642 
0.0296901 0.0651749 0.905135 
0.278338 0.1429 0.578762 
0.573538 0.198324 0.228138 
0.342943 0.260667 0.39639 
0.289194 0.182248 0.528558 
0.000815272 0.00367503 0.99551 
0.0273089 0.0614924 0.911199 
0.251557 0.00239313 0.746049 
0.0470547 0.779862 0.173083 
0.358963 0.541607 0.0994297 
0.664077 0.0983123 0.237611 
0.633351 0.186525 0.180124 
0.0138002 0.00103872 0.985161 
0.272174 0.487324 0.240502 
0.11151 0.119467 0.769023 
0.694509 0.195223 0.110268 
0.224108 0.278832 0.497059 
0.218085 0.257635 0.52428 
0.382334 0.108303 0.509363 
0.0692515 0.239873 0.690875 
0.322818 0.135626 0.541556 
0.0749811 0.0576121 0.867407 
0.362697 0.103845 0.533458 
0.0560986 0.0487869 0.895114 
0.224056 0.14213 0.633814 
0.0230297 0.213643 0.763327 
0.245996 0.747075 0.00692899 
0.569609 0.163967 0.266424 
0.0315883 0.415548 0.552864 
0.0292679 0.544266 0.426466 
0.291631 0.0750472 0.633321 
0.0212669 0.0168035 0.96193 
0.0117946 0.093023 0.895182 
0.800798 0.18873 0.0104718 
0.59442 0.23264 0.172941 
0.0468183 0.146317 0.806865 
0.622888 0.262429 0.114683 
0.152967 0.0240236 0.823009 
0.218643 0.210278 0.571079 
0.08092 0.508672 0.410408 
0.72051 0.0935036 0.185986 
0.0137745 0.10654 0.879686 
0.508783 0.180135 0.311082 
0.17951 0.127273 0.693218 
0.0520491 0.772482 0.175469 
0.022382 0.00935887 0.968259 
0.110892 0.0881169 0.800991 
0.273201 0.0547854 0.672014 
0.0651717 0.312629 0.6222 
0.220102 0.660557 0.119341 
0.0814431 0.0871784 0.831379 
0.0757148 0.551132 0.373153 
0.100059 0.116097 0.783844 
0.142134 0.325188 0.532677 
0.710695 0.132131 0.157174 
0.329747 0.577341 0.092912 
0.169433 0.148463 0.682104 
0.073615 0.398264 0.528121 
0.0942716 0.332646 0.573083 
0.265468 0.290704 0.443828 
0.0578663 0.0265837 0.91555 
0.40649 0.0860477 0.507463 
0.0465522 0.394584 0.558864 
0.434716 0.526651 0.0386334 
0.435869 0.338589 0.225541 
0.173448 0.169267 0.657285 
0.146816 0.704975 0.148209 
0.476845 0.179308 0.343847 
0.571398 0.347126 0.0814758 
0.924191 0.055174 0.020635 
0.156247 0.499997 0.343756 
0.0270466 0.0117055 0.961248 
0.0237632 0.0489746 0.927262 
0.00307313 0.0105289 0.986398 
0.358537 0.19133 0.450133 
0.588387 0.409564 0.00204874 
0.318048 0.251576 0.430376 
0.309851 0.485813 0.204336 
0.00319938 0.709653 0.287148 
0.0574381 0.184053 0.758509 
0.529098 0.348137 0.122765 
0.313954 0.393872 0.292174 
0.060112 0.702795 0.237093 
0.086468 0.487612 0.42592 
0.0345229 0.061076 0.904401 
0.00817837 0.0100138 0.981808 
0.183611 0.277208 0.539181 
0.0122362 0.00600438 0.981759 
0.0241235 0.807602 0.168274 
0.136342 0.263546 0.600112 
0.30265 0.540393 0.156956 
0.00324737 0.198825 0.797927 
0.202653 0.168655 0.628693 
0.14286 0.324962 0.532178 
0.150353 0.545597 0.30405 
0.234676 0.292597 0.472727 
0.227236 0.154128 0.618636 
0.161089 0.190513 0.648398 
0.0420102 0.0219668 0.936023 
0.239884 0.304567 0.455549 
0.0893282 0.218366 0.692306 
0.44604 0.172123 0.381837 
0.541688 0.0479556 0.410357 
0.549643 0.44219 0.00816627 
0.313442 0.39216 0.294398 
0.0900391 0.644004 0.265957 
0.154255 0.223623 0.622122 
0.161404 0.13216 0.706436 
0.122218 0.0422707 0.835511 
0.316354 0.301486 0.38216 
0.22763 0.284518 0.487852 
0.0710954 0.0189659 0.909939 
0.105034 0.377759 0.517207 
0.380245 0.53837 0.081385 
0.666258 0.321555 0.0121871 
0.348424 0.274378 0.377198 
0.111847 0.0298074 0.858346 
0.598649 0.296708 0.104642 
0.18475 0.053238 0.762012 
0.194711 0.798038 0.00725134 
0.0268022 0.405634 0.567564 
0.107712 0.11561 0.776678 
0.604312 0.144219 0.251468 
0.0418136 0.088483 0.869703 
0.366353 0.259431 0.374215 
0.160253 0.404216 0.435531 
0.00778032 0.822359 0.169861 
0.203966 0.274966 0.521068 
0.0678818 0.148457 0.783661 
0.595462 0.0360965 0.368441 
0.79306 0.169797 0.0371435 
0.428379 0.034254 0.537367 
0.103426 0.108719 0.787854 
0.370148 0.02572 0.604132 
0.122204 0.710431 0.167364 
0.498959 0.236557 0.264484 
0.0491628 0.0781639 0.872673 
0.050596 0.382726 0.566678 
0.265335 0.622158 0.112507 
0.509272 0.402315 0.0884128 
0.172972 0.583049 0.24398 
0.329679 0.0526876 0.617633 
0.563224 0.0660768 0.370699 
0.0833452 0.203517 0.713138 
0.812745 0.147548 0.0397074 
0.455689 0.524545 0.0197656 
0.132762 0.175182 0.692057 
0.216436 0.466613 0.316951 
0.0528787 0.699877 0.247245 
0.00773309 0.00181634 0.990451 
0.0338861 0.0700181 0.896096 
0.122516 0.758408 0.119076 
0.21078 0.0345316 0.754688 
0.000256136 0.0256523 0.974092 
0.898514 0.0798749 0.0216107 
0.365387 0.535397 0.0992161 
0.0498781 0.0233691 0.926753 
0.22354 0.575342 0.201118 
0.0492435 0.0996642 0.851092 
0.262006 0.111962 0.626031 
0.00516498 0.00295338 0.991882 
0.476389 0.0909132 0.432698 
0.254027 0.155221 0.590752 
0.331442 0.153915 0.514644 
0.617309 0.0105528 0.372139 
0.216854 0.221736 0.56141 
0.327878 0.0215893 0.650532 
0.445198 0.023907 0.530895 
0.245529 0.144103 0.610368 
0.131856 0.133768 0.734376 
0.0855081 0.202579 0.711913 
0.102114 0.229207 0.668678 
0.158137 0.158079 0.683784 
0.0609648 0.09251 0.846525 
0.313474 0.176996 0.50953 
0.160758 0.180483 0.658759 
0.00791794 0.109213 0.882869 
0.0350608 0.0343541 0.930585 
0.253581 0.185931 0.560488 
0.617464 0.239019 0.143516 
0.616776 0.0776709 0.305553 
0.484886 0.186759 0.328355 
0.300913 0.0735163 0.625571 
0.561148 0.398965 0.0398865 
0.0814357 0.117337 0.801227 
0.541646 0.024626 0.433728 
0.0842188 0.575029 0.340752 
0.159205 0.0905218 0.750274 
0.491495 0.13303 0.375475 
0.243001 0.404963 0.352036 
0.152918 0.385456 0.461626 
0.246421 0.106753 0.646826 
0.396598 0.0577746 0.545628 
0.613165 0.228665 0.15817 
0.155072 0.270594 0.574334 
0.313773 0.328819 0.357409 
0.0453802 0.0313932 0.923227 
0.16889 0.075704 0.755406 
0.821908 0.142235 0.0358566 
0.254351 0.264566 0.481083 
0.0183982 0.00247233 0.979129 
0.5377 0.108528 0.353772 
0.0109762 0.37182 0.617204 
0.204057 0.177628 0.618315 
0.867802 0.0621117 0.0700862 
0.762911 0.11321 0.123879 
0.234827 0.183328 0.581845 
0.108607 0.35266 0.538734 
0.107799 0.187435 0.704766 
0.0661283 0.184673 0.749198 
0.58562 0.21551 0.19887 
0.118173 0.193463 0.688364 
0.40305 0.16487 0.43208 
0.230323 0.518486 0.251191 
0.151659 0.0476729 0.800668 
0.0749344 0.805619 0.119446 
0.351264 0.0511202 0.597615 
0.295827 0.004318 0.699855 
0.0496623 0.0202144 0.930123 
0.67896 0.144369 0.17667 
0.360441 0.0291766 0.610383 
0.107684 0.699725 0.192591 
0.0425149 0.0737656 0.88372 
0.0952786 0.100545 0.804177 
0.0130748 0.0379582 0.948967 
0.0706664 0.648515 0.280819 
0.246224 0.227807 0.525969 
0.0442341 0.0386333 0.917133 
0.437622 0.01089 0.551488 
0.311219 0.0157618 0.67302 
0.353313 0.198146 0.44854 
0.0117748 0.00253099 0.985694 
0.0385193 0.00996671 0.951514 
0.0295417 0.04836 0.922098 
0.0994675 0.165362 0.735171 
0.243602 0.169697 0.586701 
0.241865 0.00489779 0.753238 
0.233469 0.184424 0.582107 
0.367877 0.501282 0.13084 
0.254178 0.291003 0.454819 
0.075584 0.495543 0.428873 
0.046848 0.182014 0.771138 
0.0583825 0.0266381 0.914979 
0.0105803 0.189423 0.799997 
0.292542 0.381143 0.326315 
0.294738 0.077247 0.628015 
0.00312977 0.00206857 0.994802 
0.404127 0.409728 0.186145 
0.670713 0.272769 0.056518 
0.272325 0.184374 0.543301 
0.263239 0.23887 0.497891 
3.56702e-05 1.84876e-05 0.999946 
0.31959 0.244773 0.435637 
0.243196 0.277168 0.479636 
0.0971314 0.0840631 0.818805 
0.0390576 0.0119126 0.94903 
0.27053 0.19915 0.53032 
0.100545 0.0252072 0.874248 
0.521551 0.117554 0.360895 
0.314365 0.591647 0.0939879 
0.0938981 0.0281592 0.877943 
0.0214961 0.00736222 0.971142 
0.0489987 0.417169 0.533832 
0.285141 0.0327249 0.682134 
0.383046 0.378357 0.238597 
0.00572145 0.123652 0.870626 
0.24003 0.225575 0.534395 
0.529486 0.321085 0.149429 
0.387069 0.269712 0.343219 
0.14458 0.0603177 0.795102 
0.474798 0.203826 0.321377 
0.809516 0.0631249 0.127359 
0.250256 0.10361 0.646134 
0.647406 0.215942 0.136651 
0.063022 0.428381 0.508597 
0.00182942 0.129614 0.868556 
0.12564 0.367253 0.507107 
0.357833 0.487674 0.154493 
0.437082 0.231751 0.331167 
0.139395 0.351774 0.508831 
0.102357 0.111844 0.785799 
0.251791 0.426437 0.321772 
0.400262 0.0100098 0.589728 
0.582606 0.321375 0.0960188 
0.0354549 0.090593 0.873952 
0.0211504 0.00884208 0.970008 
0.350071 0.282641 0.367288 
0.0189536 0.185103 0.795944 
0.452631 0.437998 0.10937 
0.80758 0.126501 0.0659192 
0.223386 0.491908 0.284705 
0.0465717 0.199572 0.753856 
0.181603 0.125273 0.693125 
0.0304464 0.109152 0.860401 
0.0451307 0.366513 0.588357 
0.550123 0.146693 0.303184 
0.246208 0.227968 0.525824 
0.15052 0.00553937 0.843941 
0.722461 0.247133 0.030406 
0.0904899 0.409875 0.499635 
0.0128263 0.0844611 0.902713 
0.50315 0.041215 0.455635 
0.322057 0.126252 0.551691 
0.402762 0.52987 0.0673678 
0.816741 0.115635 0.0676245 
0.469979 0.0654462 0.464574 
0.278148 0.343712 0.37814 
0.041255 0.226457 0.732288 
0.354895 0.13028 0.514826 
0.106111 0.882062 0.0118274 
0.260306 0.079521 0.660173 
0.605433 0.185518 0.209049 
0.5158 0.0724154 0.411785 
0.387282 0.0551305 0.557588 
0.237648 0.517658 0.244694 
0.0199163 0.131074 0.84901 
0.322121 0.187786 0.490093 
0.0318657 0.429805 0.538329 
0.0232376 0.00358522 0.973177 
0.0120318 0.0378585 0.95011 
0.245229 0.680362 0.0744088 
0.421771 0.298632 0.279597 
0.130337 0.85238 0.0172835 
0.374899 0.27467 0.350431 
0.157151 0.102435 0.740413 
0.516887 0.158486 0.324626 
0.0733207 0.0582962 0.868383 
0.180636 0.217015 0.602349 
0.0131694 0.105522 0.881308 
0.17 0.480124 0.349876 
0.00568309 0.746097 0.24822 
0.250624 0.26124 0.488136 
0.0728204 0.362297 0.564883 
0.25742 0.382407 0.360173 
0.148276 0.655343 0.196381 
0.526243 0.0408046 0.432952 
0.221307 0.416803 0.361889 
0.661018 0.261627 0.0773552 
0.00803807 0.0104226 0.981539 
0.88621 0.102153 0.0116369 
0.26169 0.0121252 0.726185 
0.707309 0.265394 0.0272968 
0.743169 0.026228 0.230603 
0.0181856 0.48353 0.498285 
0.000297313 0.000389271 0.999313 
0.0226723 0.000393852 0.976934 
0.895317 0.0662422 0.0384409 
0.0129572 0.037111 0.949932 
0.71816 0.182309 0.0995311 
0.114291 0.313718 0.571992 
0.104352 0.60293 0.292718 
0.362104 0.0089057 0.628991 
0.342672 0.161106 0.496222 
0.595927 0.268413 0.13566 
0.0639245 0.12013 0.815945 
0.0806962 0.31186 0.607444 
0.524991 0.101268 0.373741 
0.628046 0.146177 0.225777 
0.384183 0.54051 0.0753065 
0.672111 0.237483 0.0904059 
0.0849479 0.485058 0.429994 
0.819814 0.0305117 0.149674 
0.145975 0.24609 0.607935 
0.242113 0.302809 0.455078 
0.743503 0.122161 0.134336 
0.494539 0.00361627 0.501844 
0.611036 0.0225654 0.366398 
0.206826 0.348861 0.444313 
0.324821 0.374043 0.301136 
0.0335123 0.00994287 0.956545 
0.084686 0.00334103 0.911973 
0.0278338 0.0934101 0.878756 
0.384358 0.233263 0.382379 
0.0295247 0.00288192 0.967593 
0.799597 0.0439832 0.156419 
0.633204 0.156648 0.210148 
0.00643264 0.0250902 0.968477 
0.0456844 0.138871 0.815445 
0.0886901 0.283769 0.627541 
0.204654 0.173594 0.621751 
0.507526 0.384906 0.107568 
0.68011 0.0579516 0.261938 
0.262821 0.340076 0.397103 
0.0771584 0.2249 0.697941 
0.0519312 0.0650711 0.882998 
0.148085 0.538633 0.313282 
0.108024 0.582391 0.309585 
0.0906261 0.246614 0.66276 
0.0453591 0.523927 0.430714 
0.966103 0.0254419 0.00845502 
0.535993 0.238871 0.225135 
0.267044 0.146961 0.585995 
0.576027 0.119863 0.30411 
0.181792 0.1861 0.632108 
0.144495 0.203717 0.651788 
0.463733 0.32069 0.215578 
0.015188 0.0142429 0.970569 
0.378585 0.0174137 0.604001 
0.00186466 0.156697 0.841438 
0.320917 0.353263 0.325821 
0.00450588 0.0506089 0.944885 
0.386061 0.550779 0.0631602 
0.0184546 0.225795 0.75575 
0.326092 0.455167 0.218741 
0.0559544 0.0765478 0.867498 
0.0153733 0.0572872 0.927339 
0.531256 0.454333 0.0144114 
0.566082 0.420042 0.0138762 
0.00882257 0.0894185 0.901759 
0.508492 0.0235157 0.467992 
0.0510796 0.834047 0.114874 
0.0038404 0.705112 0.291048 
0.192617 0.244307 0.563076 
0.119231 0.175747 0.705022 
0.0611825 0.189157 0.74966 
0.173633 0.780241 0.046126 
0.0520945 0.187173 0.760733 
0.131016 0.0464023 0.822582 
0.152278 0.349841 0.497881 
0.179006 0.622212 0.198782 
0.469952 0.339056 0.190993 
0.01486 0.0744685 0.910671 
0.17726 0.300729 0.522011 
0.374917 0.301784 0.323299 
0.0234999 0.0733275 0.903173 
0.740031 0.250356 0.00961321 
0.257238 0.215468 0.527294 
0.182163 0.448186 0.369651 
0.125381 0.214809 0.65981 
0.545449 0.36653 0.0880208 
0.706142 0.163438 0.13042 
0.60687 0.315143 0.0779868 
0.342028 0.245743 0.41223 
0.115027 0.0560328 0.82894 
0.0206164 0.24516 0.734223 
0.0665473 0.322364 0.611089 
0.0384218 0.00350572 0.958072 
0.36034 0.499379 0.140281 
0.169785 0.150312 0.679903 
0.429549 0.317341 0.25311 
0.0224417 0.10531 0.872249 
0.593409 0.353691 0.0529004 
0.52801 0.0124761 0.459513 
0.664623 0.113501 0.221876 
0.768681 0.212912 0.0184064 
0.0126742 0.49502 0.492306 
0.114443 0.289697 0.595859 
0.0819643 0.00423167 0.913804 
0.874581 0.00405333 0.121366 
0.121914 0.182008 0.696078 
0.0503879 0.00811806 0.941494 
0.356029 0.175472 0.468499 
0.370313 0.23126 0.398427 
0.309407 0.148664 0.541929 
0.00526383 0.000521448 0.994215 
0.292511 0.290913 0.416576 
0.824339 0.0649952 0.110666 
0.15367 0.0311608 0.815169 
0.00457324 0.395287 0.600139 
0.424188 0.448732 0.12708 
0.21981 0.658858 0.121332 
0.133928 0.510702 0.355369 
0.266293 0.331409 0.402298 
0.0994241 0.0867867 0.813789 
0.113849 0.0132919 0.872859 
0.00587674 0.10928 0.884843 
0.218515 0.211273 0.570212 
0.160291 0.115672 0.724036 
0.285857 0.470406 0.243737 
0.183487 0.34696 0.469553 
0.439179 0.239292 0.321529 
0.422058 0.475735 0.102207 
0.0596167 0.648341 0.292042 
0.106463 0.749983 0.143554 
0.0944926 0.420481 0.485026 
0.656453 0.194551 0.148996 
0.413721 0.14502 0.441259 
0.125176 0.171797 0.703027 
0.784969 0.186433 0.0285972 
0.0844118 0.184504 0.731084 
0.559926 0.279134 0.16094 
0.00514892 0.0378495 0.957002 
0.0383291 0.0296757 0.931995 
0.0810709 0.551325 0.367604 
0.354193 0.130139 0.515668 
0.0673807 0.0553774 0.877242 
0.0613629 0.0069159 0.931721 
0.0291629 0.0175779 0.953259 
0.926637 0.00692951 0.0664336 
0.0177291 0.177093 0.805177 
0.058921 0.223302 0.717777 
0.24259 0.170605 0.586805 
0.0141619 0.105597 0.880241 
0.0115069 0.047184 0.941309 
0.0593822 0.086555 0.854063 
0.421054 0.464071 0.114875 
0.180498 0.684903 0.134599 
0.451935 0.0848156 0.463249 
0.046641 0.0828387 0.87052 
0.0304326 0.057262 0.912305 
0.0314072 0.0407631 0.92783 
0.263591 0.0284878 0.707921 
0.216351 0.381555 0.402094 
0.000158164 0.00215273 0.997689 
0.805824 0.186794 0.00738178 
0.0274141 0.140051 0.832535 
0.2666 0.323815 0.409585 
0.0771337 0.62237 0.300496 
0.216941 0.728426 0.0546331 
0.00980658 0.187435 0.802759 
0.682236 0.0935661 0.224198 
0.155801 0.0660955 0.778104 
0.00110917 0.58837 0.410521 
0.633713 0.337543 0.0287438 
0.0919009 0.237246 0.670853 
0.49143 0.102298 0.406272 
0.126284 0.374549 0.499167 
0.846539 0.115873 0.0375887 
0.0258827 0.693827 0.280291 
0.154826 0.212108 0.633066 
0.105942 0.00445481 0.889603 
0.0468489 0.506709 0.446442 
0.00284478 0.0248493 0.972306 
0.389455 0.100787 0.509758 
0.0629611 0.0662419 0.870797 
0.325513 0.598338 0.0761482 
0.13174 0.326996 0.541264 
0.58242 0.265504 0.152076 
0.0820148 0.205808 0.712177 
0.0679604 0.150224 0.781816 
0.538458 0.0255773 0.435965 
0.0684121 0.0406338 0.890954 
0.42801 0.14127 0.43072 
0.309319 0.157243 0.533438 
0.438438 0.0907765 0.470785 
0.543581 0.234255 0.222164 
0.164984 0.12588 0.709135 
0.555203 0.345437 0.0993594 
0.142322 0.378371 0.479307 
0.292641 0.234176 0.473182 
0.152665 0.690333 0.157001 
0.295347 0.132438 0.572215 
0.276302 0.1474 0.576298 
0.318364 0.268683 0.412953 
0.120571 0.0444213 0.835007 
0.207756 0.0233985 0.768845 
0.861437 0.13843 0.000133713 
0.0504036 0.180588 0.769009 
0.435058 0.0148157 0.550127 
0.0413562 0.4624 0.496244 
0.0345254 0.533896 0.431579 
0.186521 0.135549 0.67793 
0.316609 0.131021 0.55237 
0.400454 0.513056 0.0864896 
0.047603 0.639637 0.31276 
0.121455 0.510777 0.367768 
0.182863 0.40467 0.412467 
0.0403256 0.273585 0.68609 
0.0675797 0.30174 0.63068 
0.181893 0.0352073 0.7829 
0.183269 0.66551 0.151221 
0.00855569 0.206244 0.785201 
0.180589 0.0163537 0.803057 
0.362244 0.231442 0.406314 
0.0672751 0.0396343 0.893091 
0.0324538 0.0940225 0.873524 
0.0488786 0.247476 0.703646 
0.404396 0.303124 0.29248 
0.409318 0.403825 0.186858 
0.590921 0.162397 0.246682 
0.32584 0.0914142 0.582746 
0.368309 0.102766 0.528925 
0.000584497 0.0844813 0.914934 
0.0221425 0.0700829 0.907775 
0.255578 0.00388606 0.740536 
0.095375 0.0499474 0.854678 
0.0350929 0.0905691 0.874338 
0.32502 0.249419 0.425561 
0.110613 0.0683584 0.821029 
0.292579 0.611896 0.095525 
0.424649 0.202747 0.372604 
0.786234 0.0355468 0.178219 
0.412354 0.285627 0.302019 
0.00285668 0.109148 0.887995 
0.23812 0.047554 0.714326 
0.0139004 0.662337 0.323762 
0.661655 0.259185 0.0791599 
0.0036126 0.00838852 0.987999 
0.928149 0.0465513 0.0253001 
0.052626 0.0600791 0.887295 
0.0783629 0.566276 0.355361 
0.04843 0.741375 0.210195 
0.63525 0.229207 0.135542 
0.329324 0.142727 0.527949 
0.127985 0.433353 0.438662 
0.364013 0.0551059 0.580881 
0.127245 0.699078 0.173676 
0.0888385 0.648654 0.262508 
0.102289 0.774265 0.123446 
0.0327183 0.112217 0.855064 
0.0180679 0.0828614 0.899071 
0.197436 0.374129 0.428436 
0.0963044 0.309237 0.594458 
0.240564 0.283473 0.475963 
0.00295105 0.0242091 0.97284 
0.400442 0.598724 0.000833517 
0.206947 0.252934 0.540119 
0.225478 0.0787927 0.695729 
0.232245 0.365002 0.402753 
0.126366 0.437702 0.435932 
0.794561 0.0582736 0.147166 
0.361036 0.209343 0.429621 
0.0307431 0.828189 0.141068 
0.0410283 0.236896 0.722076 
0.324812 0.396379 0.278808 
0.206226 0.690267 0.103507 
0.530768 0.058188 0.411044 
0.00143211 0.0308746 0.967693 
0.221153 0.492272 0.286575 
0.386175 0.269739 0.344086 
0.341202 0.229782 0.429016 
0.811382 0.135731 0.0528873 
0.162585 0.708828 0.128587 
0.209205 0.294246 0.496549 
0.151181 0.0669168 0.781902 
0.189805 0.137632 0.672563 
0.205361 0.0778185 0.71682 
0.292016 0.675331 0.0326532 
0.154356 0.67868 0.166964 
0.569721 0.142176 0.288103 
0.0570184 0.151845 0.791137 
0.0395989 0.934747 0.0256544 
0.00594976 0.0555765 0.938474 
0.870198 0.107924 0.021878 
0.144623 0.526442 0.328934 
0.264579 0.0487911 0.68663 
0.113443 0.0935873 0.79297 
0.30364 0.489428 0.206932 
0.142397 0.022672 0.834931 
0.335491 0.132689 0.53182 
0.094276 0.735087 0.170637 
0.0180641 0.0799235 0.902012 
0.695493 0.0899032 0.214604 
0.457751 0.47086 0.0713894 
0.420064 0.151493 0.428443 
0.315077 0.514111 0.170812 
0.107589 0.153266 0.739146 
0.488531 0.404123 0.107346 
0.382814 0.368543 0.248644 
0.513425 0.255199 0.231376 
0.0888272 0.400637 0.510536 
0.168704 0.738844 0.0924519 
0.0704168 0.0054131 0.92417 
0.346737 0.15415 0.499113 
0.0250754 0.0188368 0.956088 
0.02302 0.702834 0.274146 
0.147751 0.0308091 0.82144 
0.215815 0.672129 0.112056 
0.526503 0.259839 0.213658 
0.307555 0.372181 0.320264 
0.0493561 0.0229012 0.927743 
0.351724 0.618452 0.0298245 
0.00579478 0.0206228 0.973582 
0.0265996 0.754915 0.218486 
0.0858942 0.234548 0.679558 
0.442163 0.322476 0.235362 
0.00679741 0.332114 0.661088 
0.41631 0.0988792 0.484811 
0.170012 0.0782436 0.751745 
0.0341103 0.10582 0.860069 
0.683717 0.00645212 0.309831 
0.873213 0.066188 0.0605985 
0.112952 0.140631 0.746417 
0.148328 0.496004 0.355667 
0.40996 0.0646341 0.525405 
0.0734254 0.65988 0.266695 
0.160596 0.461375 0.378029 
0.151291 0.342633 0.506076 
0.759651 0.10163 0.138718 
0.00401481 0.0164182 0.979567 
0.827586 0.157108 0.0153061 
0.230482 0.0391396 0.730378 
0.0561549 0.115844 0.828001 
0.596759 0.302312 0.100929 
0.00855116 0.0589147 0.932534 
0.107668 0.0468272 0.845505 
0.0119533 0.00633996 0.981707 
0.00300773 0.818819 0.178173 
0.0895078 0.457733 0.452759 
0.460271 0.0533328 0.486396 
0.0133019 0.210523 0.776175 
0.0330393 0.199194 0.767766 
0.00990138 0.813425 0.176673 
0.197724 0.126441 0.675835 
0.0984021 0.143413 0.758185 
0.529606 0.0749676 0.395427 
0.180949 0.196097 0.622954 
0.100422 0.00698281 0.892595 
0.462019 0.339847 0.198133 
0.78183 0.14627 0.0718998 
0.0227943 0.60173 0.375476 
0.0541837 0.669717 0.276099 
0.161156 0.0938058 0.745038 
0.0447723 0.374169 0.581059 
0.0382051 0.0890614 0.872733 
0.0125341 0.0133158 0.97415 
0.0929225 0.386937 0.52014 
0.013907 0.0412198 0.944873 
0.179684 0.00662096 0.813695 
0.0277015 0.00450306 0.967795 
0.114816 0.740781 0.144403 
0.0945122 0.00997343 0.895514 
0.238137 0.667646 0.0942169 
0.0548379 0.596587 0.348575 
0.786593 0.120629 0.0927775 
0.289444 0.121189 0.589367 
0.301567 0.515483 0.18295 
0.345476 0.0876617 0.566862 
0.146428 0.188806 0.664766 
0.22658 0.25723 0.51619 
0.553598 0.211618 0.234783 
0.107892 0.204344 0.687764 
0.45647 0.105631 0.437899 
0.287777 0.568032 0.144191 
0.0282467 0.276581 0.695172 
0.178408 0.457394 0.364198 
0.410759 0.264816 0.324425 
0.445287 0.187778 0.366935 
0.385895 0.200736 0.413369 
0.0780036 0.863006 0.0589908 
0.174229 0.705526 0.120245 
0.208654 0.0133629 0.777983 
0.347518 0.0837879 0.568694 
0.261479 0.555672 0.182849 
0.0268652 0.00803059 0.965104 
0.50475 0.015261 0.479989 
0.00677097 0.784886 0.208343 
0.606723 0.221857 0.171419 
0.145426 0.272368 0.582206 
0.0738278 0.118939 0.807233 
0.0430314 0.155318 0.801651 
0.132476 0.283002 0.584522 
0.0354165 0.365341 0.599243 
0.260408 0.43862 0.300972 
0.286349 0.326758 0.386894 
0.538117 0.00992938 0.451954 
0.174228 0.0351596 0.790613 
0.137716 0.381134 0.48115 
0.142174 0.194889 0.662937 
0.127563 0.650042 0.222395 
0.0760431 0.224268 0.699688 
0.206077 0.524027 0.269896 
0.201071 0.719547 0.0793825 
0.146939 0.0330373 0.820024 
0.130894 0.674485 0.19462 
0.198323 0.571433 0.230244 
0.128965 0.047226 0.823809 
0.157335 0.383767 0.458898 
0.0233781 0.377249 0.599373 
0.0279497 0.802873 0.169177 
0.27364 0.708374 0.0179862 
0.129664 0.442548 0.427788 
0.176092 0.322041 0.501866 
0.189636 0.0669164 0.743447 
0.712951 0.151554 0.135496 
0.0466436 0.771816 0.181541 
0.727697 0.206468 0.0658348 
0.10599 0.868933 0.0250772 
0.0657921 0.294057 0.640151 
0.266888 0.121001 0.61211 
0.0292622 0.266208 0.70453 
0.709747 0.151883 0.13837 
0.26408 0.483415 0.252505 
0.233866 0.268136 0.497998 
0.0900549 0.00651193 0.903433 
0.222245 0.185166 0.592589 
0.105157 0.151367 0.743476 
0.66737 0.114449 0.218181 
0.702386 0.125309 0.172305 
0.0101454 0.49452 0.495335 
0.480753 0.323937 0.19531 
0.0928671 0.356768 0.550365 
0.196135 0.0213779 0.782487 
0.0856071 0.552399 0.361994 
0.0583255 0.242258 0.699417 
0.699545 0.0650005 0.235455 
0.131367 0.00696809 0.861665 
0.0230425 0.453517 0.52344 
0.127484 0.363828 0.508688 
0.00988357 0.0873105 0.902806 
0.0880657 0.487948 0.423986 
0.420138 0.0131114 0.566751 
0.274306 0.18563 0.540064 
0.652719 0.17178 0.175501 
0.259729 0.394647 0.345624 
0.181553 0.440223 0.378224 
0.511239 0.286529 0.202231 
0.0390479 0.534637 0.426316 
0.0363236 0.0420607 0.921616 
0.163413 0.42483 0.411757 
0.0921447 0.415044 0.492811 
0.299395 0.374443 0.326162 
0.0544667 0.369454 0.576079 
0.708296 0.275544 0.0161602 
0.113527 0.127148 0.759325 
0.13071 0.383959 0.48533 
0.142886 0.124508 0.732607 
0.195512 0.47331 0.331178 
0.74285 0.146812 0.110338 
0.729683 0.034226 0.236091 
0.239059 0.153781 0.60716 
0.824175 0.0410949 0.13473 
0.103602 0.106202 0.790196 
0.106109 0.0310436 0.862848 
0.00490294 0.00854501 0.986552 
0.115332 0.0152071 0.869461 
0.606843 0.364199 0.0289583 
0.250529 0.063156 0.686314 
0.00393689 0.03714 0.958923 
0.0424219 0.0157998 0.941778 
0.0556237 0.390677 0.553699 
0.0683815 0.233617 0.698001 
0.353141 0.546342 0.100517 
0.299844 0.324692 0.375464 
0.133076 0.0993936 0.767531 
0.210819 0.520566 0.268615 
0.226665 0.761703 0.0116326 
0.641589 0.0292637 0.329147 
0.330295 0.272912 0.396793 
0.167209 0.0672755 0.765516 
0.333228 0.330357 0.336415 
0.110518 0.0332736 0.856208 
0.011263 0.0871094 0.901628 
0.0702878 0.143585 0.786128 
